%YAML:1.0
---
R: !!opencv-matrix
   rows: 3
   cols: 3
   dt: d
   data: [ -2.4512346789053452e-02, 9.9968955285579986e-01,
       4.4657323994911069e-03, 6.8043109798842805e-01,
       1.9956487329708672e-02, -7.3254027841731739e-01,
       -7.3240198371191967e-01, -1.4917658141606671e-02,
       -6.8070904043535008e-01 ]
T: !!opencv-matrix
   rows: 3
   cols: 1
   dt: d
   data: [ 3.4787262116370329e-02, -1.1033486540439220e-01,
       1.0847564970952182e+00 ]
