%YAML:1.0
---
R: !!opencv-matrix
   rows: 3
   cols: 3
   dt: d
   data: [ 2.3378803662741476e-02, 9.9967347165206788e-01,
       1.0314146324401974e-02, 7.8244732224413349e-01,
       -1.1874935764705663e-02, -6.2260354465226841e-01,
       -6.2227776712034633e-01, 2.2626002202914774e-02,
       -7.8246945280440794e-01 ]
T: !!opencv-matrix
   rows: 3
   cols: 1
   dt: d
   data: [ -1.4090767998063891e-02, -2.2633313622261866e-01,
       1.0049478890295083e+00 ]
